[0.2655958831310272, 0.4049679636955261, 1.0543276071548462]
[0.25279349088668823, 0.4346608817577362, 1.035656213760376]
[0.21300286054611206, 0.47169730067253113, 1.0000859498977661]
[0.16660770773887634, 0.4981288015842438, 0.9693992137908936]
[0.1249907836318016, 0.5271575450897217, 0.9460595846176147]
[0.08607745915651321, 0.5547756552696228, 0.9291080236434937]
[0.04953097179532051, 0.5680328607559204, 0.9031561613082886]
[-0.011928988620638847, 0.5657975077629089, 0.8950822353363037]
[-0.08893969655036926, 0.5289508700370789, 0.8942453861236572]
[-0.1096472218632698, 0.5333954691886902, 0.8949514627456665]
[-0.1527692973613739, 0.5092433094978333, 0.9078959226608276]
[-0.18927133083343506, 0.4834716022014618, 0.9423843622207642]
[-0.20945599675178528, 0.4537220001220703, 0.9703357219696045]
[-0.21716085076332092, 0.4321814775466919, 0.9982726573944092]
