[0.2778751850128174, 0.4106268882751465, 1.060684084892273]
[0.2765030562877655, 0.42207401990890503, 1.06095552444458]
[0.2552658021450043, 0.45639559626579285, 1.0566388368606567]
[0.23347997665405273, 0.49093595147132874, 1.0496790409088135]
[0.17747923731803894, 0.5334630608558655, 1.0458612442016602]
[0.11038979887962341, 0.5718623399734497, 1.0503138303756714]
[0.02910655364394188, 0.5869306325912476, 1.0505506992340088]
[-0.0661090537905693, 0.5783693194389343, 1.0552120208740234]
[-0.1266798973083496, 0.5467318296432495, 1.0435296297073364]
[-0.18258036673069, 0.49553582072257996, 1.0343648195266724]
[-0.21967056393623352, 0.45194295048713684, 1.0265387296676636]
[-0.2340158373117447, 0.42729610204696655, 1.0103261470794678]
