[0.27878665924072266, 0.4075589179992676, 1.0374674797058105]
[0.26345735788345337, 0.4245591461658478, 1.0141417980194092]
[0.21686407923698425, 0.4559384882450104, 0.9701757431030273]
[0.1557970941066742, 0.49138256907463074, 0.9296739101409912]
[0.09046366810798645, 0.5268384218215942, 0.8846484422683716]
[0.02858142927289009, 0.5443403124809265, 0.8378429412841797]
[-0.045076195150613785, 0.5430868864059448, 0.8180321455001831]
[-0.12418801337480545, 0.5124979019165039, 0.855488657951355]
[-0.17642155289649963, 0.4760392904281616, 0.9131038188934326]
[-0.21243050694465637, 0.4449141323566437, 0.9590212106704712]
[-0.23735713958740234, 0.42389971017837524, 1.002180576324463]
