[0.25191141 0.34184054 1.16997093]
[0.25191776 0.3417987  1.16966783]
[0.25192395 0.34168715 1.16883483]
[0.25191328 0.34152891 1.16758521]
[0.25188046 0.34134097 1.16602388]
[0.25183476 0.34112863 1.1642399 ]
[0.25179491 0.3408865  1.16230084]
[0.25177714 0.34060501 1.16024871]
[0.25178068 0.34027969 1.1580981 ]
[0.25177566 0.33991984 1.15583733]
[0.25169848 0.33955319 1.15343369]
[0.25145784 0.33922449 1.15084303]
[0.25095121 0.33898793 1.14802318]
[0.2500882  0.33889522 1.14494863]
[0.24881443 0.33898281 1.141623  ]
[0.24712853 0.33926216 1.1380854 ]
[0.24508668 0.33971609 1.13440767]
[0.24279283 0.34030245 1.130682  ]
[0.2403767  0.34096408 1.12700118]
[0.23796556 0.34164227 1.12343686]
[0.2356568  0.34228991 1.12002228]
[0.23349765 0.34288114 1.1167455 ]
[0.23147601 0.34341527 1.11355612]
[0.22952302 0.34391479 1.11038436]
[0.22752556 0.34441865 1.1071671 ]
[0.22534563 0.34497302 1.10387289]
[0.22284319 0.34562163 1.1005179 ]
[0.21989953 0.3463976  1.09716733]
[0.21643877 0.34731781 1.09392154]
[0.21244429 0.3483804  1.09089072]
[0.20796672 0.34956532 1.08816605]
[0.20311996 0.35083805 1.0857959 ]
[0.19806334 0.35215583 1.08377378]
[0.19297089 0.35347595 1.0820412 ]
[0.18799338 0.35476452 1.08050344]
[0.1832219  0.35600394 1.07905306]
[0.17866353 0.35719698 1.07759415]
[0.17423736 0.3583657  1.07606092]
[0.16979432 0.35954493 1.07442694]
[0.16515672 0.36077151 1.07270406]
[0.16016729 0.36207189 1.07093319]
[0.1547336  0.36345216 1.06917059]
[0.14885484 0.3648936  1.06747361]
[0.14262306 0.36635585 1.06588897]
[0.13619878 0.36778738 1.06444537]
[0.12976875 0.36914022 1.06315066]
[0.12349856 0.3703845  1.06199316]
[0.11749372 0.37151794 1.06094604]
[0.11177906 0.37256688 1.05997337]
[0.10630045 0.37357809 1.05903695]
[0.10094586 0.37460377 1.05810251]
[0.09557808 0.37568429 1.05714461]
[0.09006986 0.37683415 1.05614969]
[0.08433306 0.37803545 1.05511694]
[0.07833693 0.37924096 1.05405724]
[0.07211359 0.38038557 1.05299051]
[0.06575176 0.38140247 1.05194197]
[0.05938079 0.3822393  1.0509378 ]
[0.05314769 0.38286978 1.05000057]
[0.04719027 0.38329816 1.04914475]
[0.04160997 0.38355608 1.0483727 ]
[0.03644938 0.38369368 1.04767225]
[0.03167949 0.3837676  1.04701711]
[0.02720134 0.38382918 1.04637158]
[0.0228634  0.38391496 1.04570035]
[0.01849269 0.38404096 1.04498223]
[0.01393258 0.38420102 1.04422488]
[0.00907808 0.38436897 1.04347578]
[0.00389888 0.38450406 1.04282445]
[-0.00155633  0.38455896  1.0423926 ]
[-0.00717554  0.38448906  1.04231239]
[-0.01281462  0.38426169  1.04269708]
[-0.01833467  0.38386346  1.04361187]
[-0.02363528  0.38330383  1.04505374]
[-0.02867454  0.38261376  1.04694737]
[-0.03347178  0.38183936  1.04915956]
[-0.03809389  0.38103171  1.05152915]
[-0.04263115  0.38023539  1.05390451]
[-0.04717042  0.37947848  1.05617814]
[-0.05177352  0.37876652  1.05830957]
[-0.0564657   0.37808181  1.06033097]
[-0.06123581  0.37738772  1.06233547]
[-0.06604562  0.37663687  1.06445272]
[-0.07084403  0.37578069  1.06681879]
[-0.075581    0.37477861  1.06954777]
[-0.08021741  0.37360477  1.07271107]
[-0.08472912  0.37225164  1.07632743]
[-0.08910544  0.37073005  1.08036381]
[-0.09334435  0.36906651  1.08474485]
[-0.09744662  0.36729864  1.08936711]
[-0.10141095  0.36547     1.0941144 ]
[-0.10523123  0.36362533  1.0988711 ]
[-0.10889584  0.3618067   1.10353212]
[-0.11238865  0.36005091  1.10800897]
[-0.11569096  0.35838805  1.11223248]
[-0.11878363  0.35684102  1.11615297]
[-0.12164915  0.3554257   1.11973876]
[-0.12427313  0.3541516   1.12297377]
[-0.12664535  0.35302274  1.12585469]
[-0.12876027  0.35203862  1.12838823]
